year,age,bc_deaths
1959,0,0
1959,1,1
1959,2,0
1959,3,0
1959,4,0
1959,5,0
1959,6,0
1959,7,1
1959,8,0
1959,9,0
1959,10,0
1959,11,0
1959,12,1
1959,13,0
1959,14,0
1959,15,0
1959,16,0
1959,17,0
1959,18,0
1959,19,0
1959,20,1
1959,21,1
1959,22,2
1959,23,3
1959,24,3
1959,25,7
1959,26,12
1959,27,14
1959,28,24
1959,29,34
1959,30,44
1959,31,65
1959,32,84
1959,33,101
1959,34,117
1959,35,141
1959,36,141
1959,37,166
1959,38,183
1959,39,237
1959,40,243
1959,41,300
1959,42,286
1959,43,326
1959,44,363
1959,45,415
1959,46,431
1959,47,437
1959,48,537
1959,49,480
1959,50,542
1959,51,517
1959,52,561
1959,53,504
1959,54,550
1959,55,529
1959,56,585
1959,57,479
1959,58,642
1959,59,596
1959,60,514
1959,61,576
1959,62,582
1959,63,601
1959,64,534
1959,65,581
1959,66,553
1959,67,544
1959,68,504
1959,69,557
1959,70,532
1959,71,475
1959,72,480
1959,73,480
1959,74,439
1959,75,464
1959,76,386
1959,77,350
1959,78,341
1959,79,338
1959,80,301
1959,81,281
1959,82,282
1959,83,225
1959,84,226
1959,85,208
1959,86,166
1959,87,136
1959,88,119
1959,89,106
1959,90,77
1959,91,65
1959,92,50
1959,93,31
1959,94,21
1959,95,19
1959,96,19
1959,97,12
1959,98,7
1959,99,3
1959,100,0
1959,101,0
1959,102,0
1959,103,0
1959,104,0
1959,105,0
1959,106,0
1959,107,0
1959,108,0
1959,109,0
1959,110,0
1960,0,0
1960,1,0
1960,2,0
1960,3,0
1960,4,0
1960,5,0
1960,6,0
1960,7,1
1960,8,0
1960,9,0
1960,10,0
1960,11,0
1960,12,0
1960,13,0
1960,14,0
1960,15,0
1960,16,0
1960,17,0
1960,18,1
1960,19,0
1960,20,1
1960,21,1
1960,22,1
1960,23,6
1960,24,5
1960,25,11
1960,26,15
1960,27,16
1960,28,24
1960,29,29
1960,30,44
1960,31,57
1960,32,57
1960,33,95
1960,34,99
1960,35,143
1960,36,137
1960,37,203
1960,38,192
1960,39,230
1960,40,277
1960,41,268
1960,42,333
1960,43,335
1960,44,371
1960,45,463
1960,46,410
1960,47,488
1960,48,509
1960,49,507
1960,50,570
1960,51,599
1960,52,612
1960,53,588
1960,54,592
1960,55,573
1960,56,508
1960,57,590
1960,58,549
1960,59,595
1960,60,642
1960,61,509
1960,62,569
1960,63,586
1960,64,571
1960,65,589
1960,66,533
1960,67,584
1960,68,562
1960,69,531
1960,70,522
1960,71,563
1960,72,492
1960,73,486
1960,74,429
1960,75,489
1960,76,404
1960,77,397
1960,78,369
1960,79,349
1960,80,336
1960,81,299
1960,82,269
1960,83,239
1960,84,238
1960,85,240
1960,86,165
1960,87,164
1960,88,123
1960,89,87
1960,90,77
1960,91,56
1960,92,49
1960,93,33
1960,94,26
1960,95,26
1960,96,16
1960,97,6
1960,98,9
1960,99,3
1960,100,3
1960,101,2
1960,102,0
1960,103,3
1960,104,0
1960,105,0
1960,106,0
1960,107,0
1960,108,0
1960,109,0
1960,110,0
1961,0,0
1961,1,0
1961,2,0
1961,3,0
1961,4,0
1961,5,0
1961,6,0
1961,7,1
1961,8,0
1961,9,0
1961,10,0
1961,11,0
1961,12,0
1961,13,0
1961,14,0
1961,15,0
1961,16,0
1961,17,0
1961,18,0
1961,19,2
1961,20,0
1961,21,0
1961,22,2
1961,23,2
1961,24,6
1961,25,8
1961,26,17
1961,27,16
1961,28,18
1961,29,25
1961,30,38
1961,31,63
1961,32,70
1961,33,81
1961,34,119
1961,35,125
1961,36,143
1961,37,179
1961,38,201
1961,39,247
1961,40,265
1961,41,308
1961,42,302
1961,43,361
1961,44,379
1961,45,401
1961,46,464
1961,47,471
1961,48,511
1961,49,507
1961,50,618
1961,51,570
1961,52,614
1961,53,641
1961,54,575
1961,55,559
1961,56,591
1961,57,571
1961,58,585
1961,59,541
1961,60,619
1961,61,551
1961,62,538
1961,63,604
1961,64,563
1961,65,624
1961,66,520
1961,67,576
1961,68,585
1961,69,573
1961,70,516
1961,71,540
1961,72,552
1961,73,548
1961,74,452
1961,75,458
1961,76,457
1961,77,444
1961,78,432
1961,79,357
1961,80,385
1961,81,301
1961,82,260
1961,83,258
1961,84,239
1961,85,220
1961,86,180
1961,87,149
1961,88,142
1961,89,103
1961,90,96
1961,91,63
1961,92,48
1961,93,45
1961,94,35
1961,95,27
1961,96,13
1961,97,13
1961,98,3
1961,99,10
1961,100,3
1961,101,2
1961,102,0
1961,103,1
1961,104,0
1961,105,0
1961,106,1
1961,107,0
1961,108,0
1961,109,0
1961,110,0
1962,0,0
1962,1,0
1962,2,0
1962,3,0
1962,4,0
1962,5,0
1962,6,0
1962,7,0
1962,8,0
1962,9,0
1962,10,0
1962,11,0
1962,12,0
1962,13,0
1962,14,2
1962,15,0
1962,16,0
1962,17,2
1962,18,1
1962,19,1
1962,20,0
1962,21,3
1962,22,2
1962,23,3
1962,24,3
1962,25,11
1962,26,10
1962,27,18
1962,28,15
1962,29,27
1962,30,44
1962,31,58
1962,32,83
1962,33,81
1962,34,113
1962,35,106
1962,36,153
1962,37,163
1962,38,193
1962,39,256
1962,40,269
1962,41,268
1962,42,328
1962,43,334
1962,44,360
1962,45,388
1962,46,482
1962,47,500
1962,48,550
1962,49,559
1962,50,574
1962,51,575
1962,52,666
1962,53,627
1962,54,599
1962,55,576
1962,56,649
1962,57,570
1962,58,629
1962,59,598
1962,60,557
1962,61,587
1962,62,635
1962,63,581
1962,64,552
1962,65,641
1962,66,599
1962,67,567
1962,68,578
1962,69,590
1962,70,549
1962,71,496
1962,72,567
1962,73,530
1962,74,513
1962,75,453
1962,76,466
1962,77,408
1962,78,405
1962,79,356
1962,80,328
1962,81,340
1962,82,290
1962,83,298
1962,84,246
1962,85,235
1962,86,195
1962,87,162
1962,88,131
1962,89,92
1962,90,91
1962,91,71
1962,92,47
1962,93,34
1962,94,33
1962,95,18
1962,96,7
1962,97,8
1962,98,7
1962,99,5
1962,100,4
1962,101,3
1962,102,0
1962,103,0
1962,104,0
1962,105,0
1962,106,1
1962,107,0
1962,108,0
1962,109,0
1962,110,0
1963,0,0
1963,1,0
1963,2,0
1963,3,0
1963,4,0
1963,5,0
1963,6,1
1963,7,0
1963,8,0
1963,9,0
1963,10,0
1963,11,1
1963,12,0
1963,13,0
1963,14,0
1963,15,1
1963,16,0
1963,17,0
1963,18,1
1963,19,1
1963,20,1
1963,21,3
1963,22,3
1963,23,4
1963,24,6
1963,25,14
1963,26,8
1963,27,19
1963,28,27
1963,29,27
1963,30,34
1963,31,46
1963,32,68
1963,33,72
1963,34,88
1963,35,132
1963,36,148
1963,37,171
1963,38,188
1963,39,241
1963,40,252
1963,41,277
1963,42,334
1963,43,375
1963,44,387
1963,45,445
1963,46,460
1963,47,466
1963,48,538
1963,49,574
1963,50,617
1963,51,608
1963,52,629
1963,53,609
1963,54,646
1963,55,635
1963,56,573
1963,57,676
1963,58,677
1963,59,618
1963,60,608
1963,61,559
1963,62,667
1963,63,623
1963,64,580
1963,65,608
1963,66,570
1963,67,588
1963,68,604
1963,69,610
1963,70,590
1963,71,542
1963,72,542
1963,73,541
1963,74,521
1963,75,464
1963,76,431
1963,77,391
1963,78,381
1963,79,401
1963,80,349
1963,81,316
1963,82,279
1963,83,296
1963,84,224
1963,85,203
1963,86,178
1963,87,175
1963,88,141
1963,89,107
1963,90,90
1963,91,64
1963,92,47
1963,93,48
1963,94,24
1963,95,21
1963,96,14
1963,97,17
1963,98,8
1963,99,4
1963,100,2
1963,101,3
1963,102,1
1963,103,2
1963,104,0
1963,105,0
1963,106,0
1963,107,0
1963,108,0
1963,109,0
1963,110,0
1964,0,0
1964,1,0
1964,2,0
1964,3,0
1964,4,0
1964,5,0
1964,6,0
1964,7,0
1964,8,0
1964,9,0
1964,10,0
1964,11,0
1964,12,0
1964,13,0
1964,14,0
1964,15,0
1964,16,0
1964,17,1
1964,18,0
1964,19,1
1964,20,0
1964,21,4
1964,22,3
1964,23,8
1964,24,12
1964,25,10
1964,26,12
1964,27,24
1964,28,32
1964,29,30
1964,30,48
1964,31,58
1964,32,76
1964,33,88
1964,34,106
1964,35,121
1964,36,154
1964,37,165
1964,38,215
1964,39,241
1964,40,258
1964,41,304
1964,42,340
1964,43,357
1964,44,376
1964,45,436
1964,46,456
1964,47,536
1964,48,559
1964,49,554
1964,50,654
1964,51,649
1964,52,691
1964,53,659
1964,54,687
1964,55,685
1964,56,652
1964,57,640
1964,58,621
1964,59,646
1964,60,651
1964,61,633
1964,62,567
1964,63,624
1964,64,589
1964,65,614
1964,66,578
1964,67,610
1964,68,579
1964,69,613
1964,70,601
1964,71,522
1964,72,585
1964,73,557
1964,74,510
1964,75,513
1964,76,471
1964,77,392
1964,78,410
1964,79,389
1964,80,366
1964,81,293
1964,82,325
1964,83,271
1964,84,269
1964,85,229
1964,86,218
1964,87,172
1964,88,136
1964,89,117
1964,90,114
1964,91,75
1964,92,44
1964,93,33
1964,94,27
1964,95,19
1964,96,16
1964,97,14
1964,98,7
1964,99,4
1964,100,1
1964,101,1
1964,102,1
1964,103,1
1964,104,0
1964,105,1
1964,106,0
1964,107,0
1964,108,0
1964,109,0
1964,110,0
1965,0,0
1965,1,0
1965,2,0
1965,3,0
1965,4,0
1965,5,1
1965,6,0
1965,7,0
1965,8,0
1965,9,0
1965,10,0
1965,11,0
1965,12,0
1965,13,0
1965,14,0
1965,15,0
1965,16,0
1965,17,0
1965,18,1
1965,19,0
1965,20,0
1965,21,2
1965,22,4
1965,23,4
1965,24,5
1965,25,8
1965,26,7
1965,27,17
1965,28,27
1965,29,30
1965,30,48
1965,31,51
1965,32,60
1965,33,86
1965,34,101
1965,35,114
1965,36,137
1965,37,177
1965,38,176
1965,39,230
1965,40,267
1965,41,315
1965,42,341
1965,43,414
1965,44,408
1965,45,443
1965,46,477
1965,47,515
1965,48,520
1965,49,554
1965,50,603
1965,51,607
1965,52,691
1965,53,725
1965,54,722
1965,55,676
1965,56,743
1965,57,670
1965,58,723
1965,59,682
1965,60,650
1965,61,625
1965,62,679
1965,63,612
1965,64,649
1965,65,619
1965,66,578
1965,67,577
1965,68,641
1965,69,619
1965,70,602
1965,71,591
1965,72,588
1965,73,536
1965,74,570
1965,75,545
1965,76,492
1965,77,499
1965,78,431
1965,79,411
1965,80,408
1965,81,371
1965,82,305
1965,83,295
1965,84,286
1965,85,250
1965,86,195
1965,87,179
1965,88,149
1965,89,126
1965,90,71
1965,91,62
1965,92,56
1965,93,35
1965,94,32
1965,95,23
1965,96,22
1965,97,13
1965,98,10
1965,99,4
1965,100,4
1965,101,3
1965,102,2
1965,103,2
1965,104,1
1965,105,0
1965,106,1
1965,107,0
1965,108,1
1965,109,0
1965,110,0
1966,0,0
1966,1,0
1966,2,0
1966,3,0
1966,4,0
1966,5,0
1966,6,0
1966,7,0
1966,8,0
1966,9,0
1966,10,0
1966,11,0
1966,12,0
1966,13,0
1966,14,0
1966,15,0
1966,16,0
1966,17,0
1966,18,1
1966,19,2
1966,20,1
1966,21,2
1966,22,3
1966,23,8
1966,24,8
1966,25,12
1966,26,12
1966,27,12
1966,28,23
1966,29,35
1966,30,32
1966,31,45
1966,32,84
1966,33,79
1966,34,90
1966,35,105
1966,36,136
1966,37,149
1966,38,185
1966,39,222
1966,40,250
1966,41,309
1966,42,351
1966,43,398
1966,44,410
1966,45,458
1966,46,476
1966,47,485
1966,48,569
1966,49,607
1966,50,642
1966,51,653
1966,52,669
1966,53,706
1966,54,717
1966,55,711
1966,56,670
1966,57,672
1966,58,795
1966,59,722
1966,60,759
1966,61,672
1966,62,700
1966,63,713
1966,64,613
1966,65,620
1966,66,660
1966,67,644
1966,68,595
1966,69,583
1966,70,614
1966,71,595
1966,72,549
1966,73,602
1966,74,540
1966,75,530
1966,76,538
1966,77,475
1966,78,445
1966,79,414
1966,80,410
1966,81,348
1966,82,314
1966,83,326
1966,84,250
1966,85,252
1966,86,211
1966,87,167
1966,88,152
1966,89,115
1966,90,103
1966,91,65
1966,92,45
1966,93,45
1966,94,32
1966,95,22
1966,96,29
1966,97,10
1966,98,11
1966,99,5
1966,100,2
1966,101,2
1966,102,3
1966,103,0
1966,104,0
1966,105,1
1966,106,0
1966,107,1
1966,108,0
1966,109,0
1966,110,0
1967,0,0
1967,1,0
1967,2,1
1967,3,0
1967,4,0
1967,5,0
1967,6,0
1967,7,0
1967,8,0
1967,9,0
1967,10,0
1967,11,0
1967,12,0
1967,13,0
1967,14,0
1967,15,0
1967,16,2
1967,17,0
1967,18,1
1967,19,1
1967,20,0
1967,21,3
1967,22,2
1967,23,2
1967,24,11
1967,25,10
1967,26,17
1967,27,14
1967,28,27
1967,29,37
1967,30,37
1967,31,43
1967,32,52
1967,33,83
1967,34,117
1967,35,88
1967,36,137
1967,37,168
1967,38,197
1967,39,233
1967,40,250
1967,41,296
1967,42,335
1967,43,344
1967,44,439
1967,45,469
1967,46,503
1967,47,544
1967,48,588
1967,49,583
1967,50,650
1967,51,618
1967,52,649
1967,53,734
1967,54,792
1967,55,674
1967,56,747
1967,57,732
1967,58,762
1967,59,726
1967,60,720
1967,61,754
1967,62,762
1967,63,686
1967,64,648
1967,65,643
1967,66,646
1967,67,661
1967,68,614
1967,69,611
1967,70,589
1967,71,639
1967,72,600
1967,73,562
1967,74,552
1967,75,577
1967,76,503
1967,77,464
1967,78,492
1967,79,434
1967,80,392
1967,81,388
1967,82,321
1967,83,342
1967,84,282
1967,85,249
1967,86,229
1967,87,189
1967,88,152
1967,89,115
1967,90,117
1967,91,90
1967,92,76
1967,93,52
1967,94,31
1967,95,17
1967,96,27
1967,97,12
1967,98,10
1967,99,5
1967,100,2
1967,101,2
1967,102,2
1967,103,1
1967,104,1
1967,105,0
1967,106,0
1967,107,0
1967,108,0
1967,109,2
1967,110,0
1968,0,0
1968,1,0
1968,2,0
1968,3,0
1968,4,1
1968,5,0
1968,6,0
1968,7,0
1968,8,0
1968,9,0
1968,10,0
1968,11,0
1968,12,0
1968,13,0
1968,14,1
1968,15,0
1968,16,1
1968,17,0
1968,18,1
1968,19,1
1968,20,2
1968,21,0
1968,22,0
1968,23,3
1968,24,6
1968,25,17
1968,26,21
1968,27,23
1968,28,26
1968,29,29
1968,30,52
1968,31,50
1968,32,66
1968,33,84
1968,34,96
1968,35,104
1968,36,144
1968,37,165
1968,38,197
1968,39,228
1968,40,268
1968,41,302
1968,42,323
1968,43,406
1968,44,391
1968,45,476
1968,46,562
1968,47,570
1968,48,573
1968,49,612
1968,50,637
1968,51,657
1968,52,713
1968,53,691
1968,54,757
1968,55,737
1968,56,680
1968,57,790
1968,58,832
1968,59,785
1968,60,693
1968,61,731
1968,62,731
1968,63,668
1968,64,664
1968,65,716
1968,66,647
1968,67,664
1968,68,655
1968,69,650
1968,70,625
1968,71,575
1968,72,666
1968,73,613
1968,74,613
1968,75,572
1968,76,562
1968,77,491
1968,78,528
1968,79,488
1968,80,435
1968,81,374
1968,82,314
1968,83,324
1968,84,294
1968,85,242
1968,86,227
1968,87,198
1968,88,163
1968,89,134
1968,90,124
1968,91,83
1968,92,67
1968,93,64
1968,94,43
1968,95,38
1968,96,13
1968,97,14
1968,98,9
1968,99,7
1968,100,2
1968,101,3
1968,102,1
1968,103,3
1968,104,0
1968,105,0
1968,106,0
1968,107,0
1968,108,0
1968,109,0
1968,110,0
1969,0,0
1969,1,0
1969,2,0
1969,3,0
1969,4,0
1969,5,0
1969,6,0
1969,7,0
1969,8,0
1969,9,0
1969,10,0
1969,11,0
1969,12,1
1969,13,0
1969,14,0
1969,15,0
1969,16,0
1969,17,0
1969,18,0
1969,19,2
1969,20,2
1969,21,2
1969,22,2
1969,23,8
1969,24,5
1969,25,12
1969,26,17
1969,27,22
1969,28,23
1969,29,26
1969,30,39
1969,31,45
1969,32,69
1969,33,83
1969,34,86
1969,35,102
1969,36,119
1969,37,147
1969,38,147
1969,39,203
1969,40,259
1969,41,289
1969,42,361
1969,43,353
1969,44,448
1969,45,430
1969,46,498
1969,47,563
1969,48,617
1969,49,674
1969,50,651
1969,51,630
1969,52,659
1969,53,742
1969,54,721
1969,55,753
1969,56,713
1969,57,778
1969,58,791
1969,59,762
1969,60,738
1969,61,788
1969,62,757
1969,63,698
1969,64,768
1969,65,663
1969,66,659
1969,67,631
1969,68,675
1969,69,720
1969,70,618
1969,71,647
1969,72,578
1969,73,599
1969,74,630
1969,75,551
1969,76,511
1969,77,548
1969,78,467
1969,79,477
1969,80,440
1969,81,383
1969,82,326
1969,83,339
1969,84,320
1969,85,274
1969,86,232
1969,87,207
1969,88,164
1969,89,127
1969,90,101
1969,91,97
1969,92,62
1969,93,54
1969,94,42
1969,95,27
1969,96,16
1969,97,12
1969,98,7
1969,99,7
1969,100,7
1969,101,3
1969,102,2
1969,103,0
1969,104,1
1969,105,0
1969,106,1
1969,107,0
1969,108,0
1969,109,0
1969,110,0
1970,0,0
1970,1,0
1970,2,0
1970,3,0
1970,4,0
1970,5,0
1970,6,0
1970,7,0
1970,8,0
1970,9,0
1970,10,0
1970,11,0
1970,12,0
1970,13,0
1970,14,0
1970,15,0
1970,16,0
1970,17,0
1970,18,0
1970,19,0
1970,20,1
1970,21,0
1970,22,2
1970,23,5
1970,24,10
1970,25,14
1970,26,18
1970,27,26
1970,28,30
1970,29,39
1970,30,39
1970,31,69
1970,32,66
1970,33,97
1970,34,102
1970,35,119
1970,36,123
1970,37,151
1970,38,167
1970,39,234
1970,40,263
1970,41,273
1970,42,330
1970,43,376
1970,44,386
1970,45,464
1970,46,552
1970,47,579
1970,48,588
1970,49,620
1970,50,635
1970,51,667
1970,52,709
1970,53,739
1970,54,778
1970,55,841
1970,56,733
1970,57,770
1970,58,824
1970,59,795
1970,60,738
1970,61,732
1970,62,772
1970,63,709
1970,64,687
1970,65,785
1970,66,683
1970,67,701
1970,68,643
1970,69,679
1970,70,596
1970,71,625
1970,72,652
1970,73,613
1970,74,592
1970,75,624
1970,76,586
1970,77,532
1970,78,545
1970,79,492
1970,80,485
1970,81,434
1970,82,394
1970,83,324
1970,84,277
1970,85,266
1970,86,263
1970,87,204
1970,88,172
1970,89,136
1970,90,115
1970,91,86
1970,92,66
1970,93,61
1970,94,48
1970,95,33
1970,96,20
1970,97,15
1970,98,14
1970,99,9
1970,100,4
1970,101,4
1970,102,4
1970,103,0
1970,104,1
1970,105,1
1970,106,0
1970,107,0
1970,108,0
1970,109,0
1970,110,0
1971,0,0
1971,1,0
1971,2,0
1971,3,0
1971,4,0
1971,5,0
1971,6,0
1971,7,0
1971,8,0
1971,9,0
1971,10,0
1971,11,0
1971,12,0
1971,13,0
1971,14,0
1971,15,2
1971,16,0
1971,17,0
1971,18,1
1971,19,2
1971,20,1
1971,21,1
1971,22,5
1971,23,6
1971,24,13
1971,25,17
1971,26,22
1971,27,20
1971,28,37
1971,29,33
1971,30,50
1971,31,52
1971,32,56
1971,33,89
1971,34,89
1971,35,96
1971,36,106
1971,37,151
1971,38,172
1971,39,186
1971,40,253
1971,41,256
1971,42,310
1971,43,378
1971,44,385
1971,45,468
1971,46,499
1971,47,569
1971,48,512
1971,49,645
1971,50,671
1971,51,668
1971,52,720
1971,53,748
1971,54,724
1971,55,771
1971,56,760
1971,57,820
1971,58,832
1971,59,814
1971,60,775
1971,61,748
1971,62,808
1971,63,764
1971,64,769
1971,65,751
1971,66,750
1971,67,722
1971,68,652
1971,69,621
1971,70,706
1971,71,661
1971,72,610
1971,73,596
1971,74,560
1971,75,651
1971,76,574
1971,77,581
1971,78,525
1971,79,500
1971,80,491
1971,81,405
1971,82,409
1971,83,364
1971,84,296
1971,85,331
1971,86,249
1971,87,207
1971,88,187
1971,89,175
1971,90,123
1971,91,100
1971,92,64
1971,93,70
1971,94,51
1971,95,45
1971,96,25
1971,97,21
1971,98,11
1971,99,9
1971,100,5
1971,101,1
1971,102,2
1971,103,0
1971,104,1
1971,105,1
1971,106,0
1971,107,0
1971,108,0
1971,109,0
1971,110,0
1972,0,0
1972,1,0
1972,2,0
1972,3,0
1972,4,0
1972,5,0
1972,6,0
1972,7,0
1972,8,0
1972,9,0
1972,10,0
1972,11,0
1972,12,0
1972,13,0
1972,14,0
1972,15,0
1972,16,0
1972,17,1
1972,18,0
1972,19,0
1972,20,0
1972,21,0
1972,22,0
1972,23,2
1972,24,5
1972,25,10
1972,26,12
1972,27,11
1972,28,27
1972,29,26
1972,30,27
1972,31,29
1972,32,28
1972,33,47
1972,34,44
1972,35,41
1972,36,60
1972,37,67
1972,38,98
1972,39,76
1972,40,99
1972,41,143
1972,42,153
1972,43,175
1972,44,208
1972,45,214
1972,46,259
1972,47,303
1972,48,299
1972,49,319
1972,50,362
1972,51,371
1972,52,397
1972,53,338
1972,54,378
1972,55,385
1972,56,391
1972,57,426
1972,58,383
1972,59,406
1972,60,407
1972,61,410
1972,62,420
1972,63,429
1972,64,396
1972,65,384
1972,66,381
1972,67,379
1972,68,373
1972,69,346
1972,70,361
1972,71,338
1972,72,379
1972,73,334
1972,74,297
1972,75,292
1972,76,301
1972,77,316
1972,78,246
1972,79,257
1972,80,252
1972,81,220
1972,82,233
1972,83,167
1972,84,173
1972,85,136
1972,86,162
1972,87,112
1972,88,109
1972,89,91
1972,90,64
1972,91,50
1972,92,43
1972,93,23
1972,94,21
1972,95,20
1972,96,10
1972,97,7
1972,98,8
1972,99,3
1972,100,6
1972,101,3
1972,102,2
1972,103,3
1972,104,0
1972,105,1
1972,106,0
1972,107,0
1972,108,1
1972,109,0
1972,110,1
1973,0,0
1973,1,0
1973,2,0
1973,3,0
1973,4,0
1973,5,0
1973,6,0
1973,7,0
1973,8,0
1973,9,1
1973,10,0
1973,11,0
1973,12,0
1973,13,0
1973,14,2
1973,15,0
1973,16,0
1973,17,0
1973,18,1
1973,19,1
1973,20,3
1973,21,2
1973,22,4
1973,23,7
1973,24,13
1973,25,7
1973,26,13
1973,27,18
1973,28,32
1973,29,46
1973,30,53
1973,31,61
1973,32,78
1973,33,88
1973,34,94
1973,35,120
1973,36,124
1973,37,170
1973,38,188
1973,39,212
1973,40,206
1973,41,255
1973,42,291
1973,43,342
1973,44,329
1973,45,431
1973,46,460
1973,47,502
1973,48,661
1973,49,672
1973,50,680
1973,51,718
1973,52,764
1973,53,749
1973,54,766
1973,55,787
1973,56,823
1973,57,804
1973,58,818
1973,59,863
1973,60,833
1973,61,818
1973,62,807
1973,63,840
1973,64,826
1973,65,829
1973,66,828
1973,67,799
1973,68,819
1973,69,744
1973,70,717
1973,71,702
1973,72,710
1973,73,739
1973,74,665
1973,75,631
1973,76,596
1973,77,606
1973,78,570
1973,79,513
1973,80,522
1973,81,447
1973,82,448
1973,83,381
1973,84,378
1973,85,365
1973,86,256
1973,87,245
1973,88,198
1973,89,175
1973,90,166
1973,91,96
1973,92,94
1973,93,71
1973,94,55
1973,95,25
1973,96,27
1973,97,16
1973,98,13
1973,99,14
1973,100,9
1973,101,7
1973,102,1
1973,103,4
1973,104,0
1973,105,0
1973,106,0
1973,107,1
1973,108,0
1973,109,0
1973,110,0
1974,0,0
1974,1,0
1974,2,0
1974,3,0
1974,4,0
1974,5,0
1974,6,0
1974,7,0
1974,8,0
1974,9,0
1974,10,0
1974,11,0
1974,12,0
1974,13,0
1974,14,0
1974,15,0
1974,16,0
1974,17,0
1974,18,1
1974,19,0
1974,20,0
1974,21,5
1974,22,4
1974,23,3
1974,24,11
1974,25,12
1974,26,19
1974,27,31
1974,28,33
1974,29,44
1974,30,48
1974,31,69
1974,32,78
1974,33,88
1974,34,118
1974,35,117
1974,36,121
1974,37,155
1974,38,183
1974,39,191
1974,40,198
1974,41,244
1974,42,270
1974,43,310
1974,44,371
1974,45,411
1974,46,477
1974,47,498
1974,48,608
1974,49,680
1974,50,673
1974,51,754
1974,52,746
1974,53,811
1974,54,725
1974,55,843
1974,56,812
1974,57,800
1974,58,808
1974,59,881
1974,60,848
1974,61,836
1974,62,862
1974,63,841
1974,64,824
1974,65,799
1974,66,834
1974,67,828
1974,68,772
1974,69,747
1974,70,730
1974,71,711
1974,72,658
1974,73,689
1974,74,693
1974,75,651
1974,76,629
1974,77,545
1974,78,611
1974,79,555
1974,80,521
1974,81,446
1974,82,443
1974,83,460
1974,84,392
1974,85,332
1974,86,324
1974,87,252
1974,88,221
1974,89,179
1974,90,173
1974,91,136
1974,92,95
1974,93,79
1974,94,50
1974,95,38
1974,96,24
1974,97,31
1974,98,18
1974,99,4
1974,100,5
1974,101,3
1974,102,2
1974,103,2
1974,104,1
1974,105,0
1974,106,0
1974,107,0
1974,108,0
1974,109,0
1974,110,0
1975,0,0
1975,1,0
1975,2,0
1975,3,0
1975,4,0
1975,5,0
1975,6,0
1975,7,0
1975,8,0
1975,9,0
1975,10,1
1975,11,0
1975,12,0
1975,13,0
1975,14,0
1975,15,0
1975,16,0
1975,17,1
1975,18,0
1975,19,2
1975,20,1
1975,21,2
1975,22,5
1975,23,5
1975,24,8
1975,25,5
1975,26,18
1975,27,27
1975,28,41
1975,29,42
1975,30,49
1975,31,77
1975,32,84
1975,33,97
1975,34,76
1975,35,133
1975,36,113
1975,37,157
1975,38,160
1975,39,177
1975,40,227
1975,41,220
1975,42,320
1975,43,292
1975,44,364
1975,45,405
1975,46,465
1975,47,520
1975,48,566
1975,49,617
1975,50,655
1975,51,712
1975,52,724
1975,53,737
1975,54,789
1975,55,806
1975,56,798
1975,57,859
1975,58,792
1975,59,812
1975,60,859
1975,61,830
1975,62,837
1975,63,845
1975,64,822
1975,65,812
1975,66,828
1975,67,844
1975,68,795
1975,69,731
1975,70,731
1975,71,733
1975,72,747
1975,73,695
1975,74,698
1975,75,653
1975,76,614
1975,77,614
1975,78,592
1975,79,623
1975,80,523
1975,81,500
1975,82,434
1975,83,456
1975,84,374
1975,85,363
1975,86,333
1975,87,267
1975,88,234
1975,89,197
1975,90,153
1975,91,107
1975,92,120
1975,93,72
1975,94,60
1975,95,41
1975,96,22
1975,97,18
1975,98,11
1975,99,11
1975,100,6
1975,101,1
1975,102,2
1975,103,0
1975,104,1
1975,105,1
1975,106,1
1975,107,1
1975,108,0
1975,109,0
1975,110,0
1976,0,0
1976,1,0
1976,2,0
1976,3,0
1976,4,0
1976,5,0
1976,6,0
1976,7,0
1976,8,0
1976,9,0
1976,10,0
1976,11,0
1976,12,0
1976,13,0
1976,14,0
1976,15,0
1976,16,0
1976,17,1
1976,18,0
1976,19,1
1976,20,0
1976,21,1
1976,22,3
1976,23,4
1976,24,6
1976,25,6
1976,26,13
1976,27,23
1976,28,42
1976,29,53
1976,30,45
1976,31,52
1976,32,73
1976,33,98
1976,34,116
1976,35,121
1976,36,108
1976,37,163
1976,38,155
1976,39,171
1976,40,222
1976,41,248
1976,42,258
1976,43,268
1976,44,327
1976,45,377
1976,46,448
1976,47,508
1976,48,542
1976,49,612
1976,50,656
1976,51,700
1976,52,768
1976,53,803
1976,54,822
1976,55,846
1976,56,868
1976,57,792
1976,58,882
1976,59,868
1976,60,877
1976,61,857
1976,62,906
1976,63,968
1976,64,833
1976,65,874
1976,66,859
1976,67,833
1976,68,842
1976,69,843
1976,70,800
1976,71,779
1976,72,750
1976,73,700
1976,74,672
1976,75,689
1976,76,657
1976,77,583
1976,78,592
1976,79,570
1976,80,548
1976,81,508
1976,82,487
1976,83,456
1976,84,399
1976,85,343
1976,86,329
1976,87,301
1976,88,253
1976,89,215
1976,90,173
1976,91,158
1976,92,103
1976,93,82
1976,94,70
1976,95,46
1976,96,41
1976,97,24
1976,98,19
1976,99,14
1976,100,4
1976,101,4
1976,102,5
1976,103,4
1976,104,1
1976,105,1
1976,106,0
1976,107,0
1976,108,0
1976,109,0
1976,110,0
1977,0,0
1977,1,0
1977,2,0
1977,3,0
1977,4,0
1977,5,0
1977,6,0
1977,7,0
1977,8,0
1977,9,0
1977,10,0
1977,11,0
1977,12,0
1977,13,0
1977,14,0
1977,15,0
1977,16,0
1977,17,0
1977,18,0
1977,19,0
1977,20,1
1977,21,1
1977,22,1
1977,23,8
1977,24,4
1977,25,8
1977,26,16
1977,27,23
1977,28,28
1977,29,49
1977,30,64
1977,31,68
1977,32,93
1977,33,115
1977,34,144
1977,35,120
1977,36,138
1977,37,149
1977,38,167
1977,39,174
1977,40,195
1977,41,248
1977,42,259
1977,43,283
1977,44,339
1977,45,380
1977,46,426
1977,47,511
1977,48,561
1977,49,605
1977,50,643
1977,51,686
1977,52,789
1977,53,836
1977,54,844
1977,55,859
1977,56,882
1977,57,905
1977,58,900
1977,59,923
1977,60,859
1977,61,899
1977,62,924
1977,63,893
1977,64,874
1977,65,927
1977,66,929
1977,67,900
1977,68,909
1977,69,874
1977,70,824
1977,71,845
1977,72,752
1977,73,737
1977,74,733
1977,75,633
1977,76,714
1977,77,664
1977,78,587
1977,79,594
1977,80,564
1977,81,578
1977,82,509
1977,83,477
1977,84,437
1977,85,460
1977,86,352
1977,87,314
1977,88,288
1977,89,217
1977,90,155
1977,91,174
1977,92,111
1977,93,91
1977,94,69
1977,95,54
1977,96,40
1977,97,34
1977,98,20
1977,99,11
1977,100,6
1977,101,6
1977,102,4
1977,103,3
1977,104,1
1977,105,0
1977,106,2
1977,107,0
1977,108,1
1977,109,0
1977,110,0
1978,0,0
1978,1,0
1978,2,0
1978,3,0
1978,4,0
1978,5,0
1978,6,0
1978,7,0
1978,8,0
1978,9,0
1978,10,0
1978,11,0
1978,12,0
1978,13,0
1978,14,0
1978,15,0
1978,16,1
1978,17,1
1978,18,2
1978,19,1
1978,20,1
1978,21,2
1978,22,5
1978,23,4
1978,24,8
1978,25,8
1978,26,13
1978,27,19
1978,28,27
1978,29,45
1978,30,59
1978,31,79
1978,32,78
1978,33,110
1978,34,122
1978,35,136
1978,36,146
1978,37,154
1978,38,165
1978,39,180
1978,40,200
1978,41,258
1978,42,253
1978,43,327
1978,44,295
1978,45,409
1978,46,419
1978,47,488
1978,48,494
1978,49,601
1978,50,620
1978,51,714
1978,52,712
1978,53,789
1978,54,855
1978,55,887
1978,56,921
1978,57,890
1978,58,915
1978,59,847
1978,60,892
1978,61,887
1978,62,936
1978,63,924
1978,64,951
1978,65,924
1978,66,857
1978,67,858
1978,68,859
1978,69,798
1978,70,861
1978,71,799
1978,72,825
1978,73,787
1978,74,801
1978,75,738
1978,76,664
1978,77,673
1978,78,621
1978,79,567
1978,80,561
1978,81,488
1978,82,527
1978,83,456
1978,84,450
1978,85,378
1978,86,371
1978,87,329
1978,88,252
1978,89,263
1978,90,177
1978,91,150
1978,92,126
1978,93,87
1978,94,88
1978,95,46
1978,96,42
1978,97,26
1978,98,21
1978,99,7
1978,100,4
1978,101,8
1978,102,2
1978,103,3
1978,104,2
1978,105,2
1978,106,1
1978,107,2
1978,108,0
1978,109,0
1978,110,0
1979,0,0
1979,1,0
1979,2,0
1979,3,0
1979,4,0
1979,5,0
1979,6,0
1979,7,0
1979,8,0
1979,9,0
1979,10,0
1979,11,0
1979,12,0
1979,13,0
1979,14,0
1979,15,0
1979,16,0
1979,17,0
1979,18,0
1979,19,0
1979,20,1
1979,21,1
1979,22,2
1979,23,3
1979,24,11
1979,25,12
1979,26,13
1979,27,33
1979,28,28
1979,29,44
1979,30,63
1979,31,80
1979,32,100
1979,33,103
1979,34,116
1979,35,124
1979,36,179
1979,37,179
1979,38,186
1979,39,187
1979,40,217
1979,41,262
1979,42,299
1979,43,319
1979,44,322
1979,45,335
1979,46,393
1979,47,436
1979,48,498
1979,49,550
1979,50,610
1979,51,664
1979,52,687
1979,53,776
1979,54,840
1979,55,905
1979,56,830
1979,57,924
1979,58,855
1979,59,859
1979,60,867
1979,61,873
1979,62,858
1979,63,900
1979,64,943
1979,65,974
1979,66,928
1979,67,888
1979,68,926
1979,69,876
1979,70,854
1979,71,816
1979,72,781
1979,73,816
1979,74,762
1979,75,717
1979,76,681
1979,77,612
1979,78,659
1979,79,573
1979,80,540
1979,81,545
1979,82,527
1979,83,519
1979,84,448
1979,85,395
1979,86,378
1979,87,325
1979,88,271
1979,89,234
1979,90,204
1979,91,175
1979,92,123
1979,93,108
1979,94,85
1979,95,59
1979,96,44
1979,97,36
1979,98,25
1979,99,16
1979,100,4
1979,101,3
1979,102,1
1979,103,4
1979,104,2
1979,105,0
1979,106,0
1979,107,0
1979,108,0
1979,109,0
1979,110,0
1980,0,0
1980,1,0
1980,2,0
1980,3,0
1980,4,0
1980,5,0
1980,6,0
1980,7,0
1980,8,0
1980,9,0
1980,10,1
1980,11,1
1980,12,0
1980,13,0
1980,14,0
1980,15,0
1980,16,0
1980,17,1
1980,18,1
1980,19,1
1980,20,0
1980,21,1
1980,22,1
1980,23,3
1980,24,6
1980,25,11
1980,26,18
1980,27,29
1980,28,33
1980,29,53
1980,30,54
1980,31,72
1980,32,104
1980,33,129
1980,34,114
1980,35,143
1980,36,187
1980,37,198
1980,38,209
1980,39,190
1980,40,245
1980,41,259
1980,42,261
1980,43,313
1980,44,343
1980,45,359
1980,46,357
1980,47,394
1980,48,512
1980,49,543
1980,50,581
1980,51,665
1980,52,678
1980,53,746
1980,54,849
1980,55,895
1980,56,906
1980,57,921
1980,58,932
1980,59,976
1980,60,959
1980,61,899
1980,62,944
1980,63,965
1980,64,902
1980,65,972
1980,66,968
1980,67,935
1980,68,962
1980,69,897
1980,70,855
1980,71,830
1980,72,928
1980,73,801
1980,74,775
1980,75,795
1980,76,736
1980,77,704
1980,78,601
1980,79,644
1980,80,618
1980,81,544
1980,82,528
1980,83,467
1980,84,512
1980,85,414
1980,86,404
1980,87,344
1980,88,277
1980,89,246
1980,90,220
1980,91,176
1980,92,151
1980,93,104
1980,94,95
1980,95,70
1980,96,39
1980,97,37
1980,98,20
1980,99,14
1980,100,12
1980,101,7
1980,102,4
1980,103,2
1980,104,1
1980,105,0
1980,106,1
1980,107,0
1980,108,0
1980,109,0
1980,110,0
1981,0,0
1981,1,0
1981,2,0
1981,3,0
1981,4,2
1981,5,0
1981,6,0
1981,7,2
1981,8,0
1981,9,0
1981,10,0
1981,11,0
1981,12,0
1981,13,0
1981,14,0
1981,15,0
1981,16,0
1981,17,0
1981,18,0
1981,19,0
1981,20,1
1981,21,1
1981,22,7
1981,23,4
1981,24,3
1981,25,7
1981,26,9
1981,27,22
1981,28,27
1981,29,49
1981,30,65
1981,31,81
1981,32,134
1981,33,126
1981,34,151
1981,35,122
1981,36,170
1981,37,179
1981,38,219
1981,39,230
1981,40,238
1981,41,238
1981,42,279
1981,43,284
1981,44,344
1981,45,376
1981,46,416
1981,47,387
1981,48,515
1981,49,471
1981,50,552
1981,51,688
1981,52,698
1981,53,774
1981,54,816
1981,55,834
1981,56,884
1981,57,908
1981,58,880
1981,59,938
1981,60,924
1981,61,924
1981,62,951
1981,63,919
1981,64,924
1981,65,998
1981,66,1007
1981,67,992
1981,68,955
1981,69,1028
1981,70,952
1981,71,947
1981,72,927
1981,73,818
1981,74,854
1981,75,858
1981,76,763
1981,77,718
1981,78,681
1981,79,680
1981,80,684
1981,81,562
1981,82,593
1981,83,483
1981,84,460
1981,85,443
1981,86,402
1981,87,350
1981,88,355
1981,89,275
1981,90,245
1981,91,182
1981,92,157
1981,93,147
1981,94,84
1981,95,65
1981,96,47
1981,97,48
1981,98,28
1981,99,17
1981,100,6
1981,101,10
1981,102,1
1981,103,3
1981,104,5
1981,105,0
1981,106,0
1981,107,0
1981,108,0
1981,109,0
1981,110,0
1982,0,0
1982,1,0
1982,2,0
1982,3,2
1982,4,0
1982,5,0
1982,6,0
1982,7,4
1982,8,2
1982,9,0
1982,10,0
1982,11,0
1982,12,0
1982,13,1
1982,14,0
1982,15,0
1982,16,0
1982,17,0
1982,18,0
1982,19,0
1982,20,0
1982,21,2
1982,22,4
1982,23,5
1982,24,2
1982,25,6
1982,26,14
1982,27,20
1982,28,24
1982,29,62
1982,30,65
1982,31,72
1982,32,94
1982,33,130
1982,34,163
1982,35,162
1982,36,172
1982,37,169
1982,38,225
1982,39,252
1982,40,289
1982,41,284
1982,42,294
1982,43,275
1982,44,326
1982,45,354
1982,46,388
1982,47,455
1982,48,402
1982,49,474
1982,50,515
1982,51,641
1982,52,711
1982,53,756
1982,54,748
1982,55,810
1982,56,888
1982,57,939
1982,58,967
1982,59,962
1982,60,993
1982,61,1003
1982,62,989
1982,63,975
1982,64,1016
1982,65,971
1982,66,983
1982,67,1025
1982,68,1055
1982,69,941
1982,70,928
1982,71,942
1982,72,864
1982,73,914
1982,74,856
1982,75,868
1982,76,788
1982,77,794
1982,78,733
1982,79,707
1982,80,582
1982,81,658
1982,82,619
1982,83,551
1982,84,486
1982,85,447
1982,86,443
1982,87,375
1982,88,330
1982,89,301
1982,90,246
1982,91,204
1982,92,173
1982,93,140
1982,94,127
1982,95,80
1982,96,53
1982,97,43
1982,98,37
1982,99,13
1982,100,13
1982,101,7
1982,102,7
1982,103,8
1982,104,1
1982,105,0
1982,106,1
1982,107,0
1982,108,0
1982,109,0
1982,110,0
1983,0,0
1983,1,0
1983,2,0
1983,3,0
1983,4,0
1983,5,2
1983,6,3
1983,7,1
1983,8,0
1983,9,0
1983,10,0
1983,11,0
1983,12,0
1983,13,1
1983,14,0
1983,15,0
1983,16,0
1983,17,0
1983,18,1
1983,19,1
1983,20,1
1983,21,2
1983,22,6
1983,23,5
1983,24,7
1983,25,13
1983,26,18
1983,27,30
1983,28,25
1983,29,55
1983,30,54
1983,31,85
1983,32,90
1983,33,122
1983,34,164
1983,35,177
1983,36,193
1983,37,196
1983,38,212
1983,39,203
1983,40,293
1983,41,289
1983,42,273
1983,43,311
1983,44,345
1983,45,357
1983,46,395
1983,47,419
1983,48,442
1983,49,469
1983,50,553
1983,51,563
1983,52,618
1983,53,753
1983,54,722
1983,55,813
1983,56,873
1983,57,914
1983,58,963
1983,59,961
1983,60,1029
1983,61,1068
1983,62,1043
1983,63,1039
1983,64,979
1983,65,1035
1983,66,968
1983,67,998
1983,68,999
1983,69,1017
1983,70,988
1983,71,966
1983,72,928
1983,73,954
1983,74,917
1983,75,857
1983,76,875
1983,77,727
1983,78,777
1983,79,712
1983,80,689
1983,81,599
1983,82,608
1983,83,579
1983,84,488
1983,85,447
1983,86,450
1983,87,427
1983,88,345
1983,89,296
1983,90,255
1983,91,207
1983,92,188
1983,93,164
1983,94,105
1983,95,94
1983,96,67
1983,97,49
1983,98,36
1983,99,24
1983,100,11
1983,101,5
1983,102,8
1983,103,3
1983,104,0
1983,105,2
1983,106,0
1983,107,0
1983,108,0
1983,109,0
1983,110,0
1984,0,0
1984,1,0
1984,2,0
1984,3,0
1984,4,0
1984,5,0
1984,6,0
1984,7,1
1984,8,0
1984,9,0
1984,10,0
1984,11,0
1984,12,0
1984,13,0
1984,14,0
1984,15,1
1984,16,1
1984,17,0
1984,18,1
1984,19,0
1984,20,0
1984,21,2
1984,22,3
1984,23,2
1984,24,6
1984,25,14
1984,26,22
1984,27,17
1984,28,29
1984,29,66
1984,30,69
1984,31,77
1984,32,86
1984,33,125
1984,34,178
1984,35,192
1984,36,243
1984,37,270
1984,38,241
1984,39,250
1984,40,289
1984,41,338
1984,42,348
1984,43,357
1984,44,349
1984,45,400
1984,46,385
1984,47,390
1984,48,438
1984,49,513
1984,50,522
1984,51,601
1984,52,599
1984,53,662
1984,54,793
1984,55,816
1984,56,819
1984,57,925
1984,58,929
1984,59,1010
1984,60,1021
1984,61,982
1984,62,1061
1984,63,1082
1984,64,1077
1984,65,1041
1984,66,1029
1984,67,1022
1984,68,1038
1984,69,1111
1984,70,1017
1984,71,954
1984,72,987
1984,73,973
1984,74,995
1984,75,882
1984,76,921
1984,77,902
1984,78,795
1984,79,734
1984,80,750
1984,81,643
1984,82,575
1984,83,641
1984,84,526
1984,85,503
1984,86,449
1984,87,444
1984,88,355
1984,89,303
1984,90,302
1984,91,206
1984,92,189
1984,93,152
1984,94,118
1984,95,97
1984,96,96
1984,97,51
1984,98,42
1984,99,27
1984,100,12
1984,101,8
1984,102,6
1984,103,4
1984,104,0
1984,105,2
1984,106,0
1984,107,0
1984,108,1
1984,109,0
1984,110,0
1985,0,0
1985,1,0
1985,2,0
1985,3,0
1985,4,0
1985,5,0
1985,6,0
1985,7,0
1985,8,0
1985,9,0
1985,10,0
1985,11,0
1985,12,0
1985,13,0
1985,14,0
1985,15,0
1985,16,0
1985,17,0
1985,18,0
1985,19,0
1985,20,1
1985,21,2
1985,22,4
1985,23,6
1985,24,6
1985,25,7
1985,26,18
1985,27,22
1985,28,29
1985,29,36
1985,30,47
1985,31,87
1985,32,92
1985,33,128
1985,34,161
1985,35,188
1985,36,206
1985,37,220
1985,38,300
1985,39,251
1985,40,296
1985,41,305
1985,42,363
1985,43,347
1985,44,353
1985,45,390
1985,46,427
1985,47,472
1985,48,508
1985,49,523
1985,50,536
1985,51,575
1985,52,624
1985,53,671
1985,54,719
1985,55,813
1985,56,813
1985,57,918
1985,58,918
1985,59,1013
1985,60,1079
1985,61,1026
1985,62,1113
1985,63,1124
1985,64,1087
1985,65,1103
1985,66,994
1985,67,1004
1985,68,1039
1985,69,1093
1985,70,1044
1985,71,1085
1985,72,994
1985,73,977
1985,74,938
1985,75,992
1985,76,923
1985,77,886
1985,78,828
1985,79,725
1985,80,683
1985,81,739
1985,82,653
1985,83,617
1985,84,582
1985,85,500
1985,86,444
1985,87,438
1985,88,347
1985,89,322
1985,90,296
1985,91,198
1985,92,229
1985,93,186
1985,94,116
1985,95,107
1985,96,69
1985,97,57
1985,98,31
1985,99,23
1985,100,16
1985,101,7
1985,102,6
1985,103,3
1985,104,1
1985,105,4
1985,106,0
1985,107,0
1985,108,1
1985,109,0
1985,110,1
1986,0,0
1986,1,0
1986,2,0
1986,3,0
1986,4,0
1986,5,0
1986,6,0
1986,7,0
1986,8,1
1986,9,0
1986,10,0
1986,11,0
1986,12,0
1986,13,0
1986,14,0
1986,15,0
1986,16,1
1986,17,0
1986,18,0
1986,19,0
1986,20,0
1986,21,1
1986,22,2
1986,23,5
1986,24,5
1986,25,12
1986,26,14
1986,27,25
1986,28,37
1986,29,46
1986,30,63
1986,31,77
1986,32,107
1986,33,129
1986,34,144
1986,35,174
1986,36,221
1986,37,257
1986,38,268
1986,39,338
1986,40,309
1986,41,299
1986,42,358
1986,43,395
1986,44,446
1986,45,382
1986,46,441
1986,47,457
1986,48,508
1986,49,492
1986,50,556
1986,51,557
1986,52,591
1986,53,699
1986,54,652
1986,55,762
1986,56,792
1986,57,822
1986,58,891
1986,59,929
1986,60,988
1986,61,1111
1986,62,1031
1986,63,1089
1986,64,1120
1986,65,1123
1986,66,1100
1986,67,1031
1986,68,1091
1986,69,1094
1986,70,1057
1986,71,1087
1986,72,1063
1986,73,967
1986,74,1031
1986,75,950
1986,76,896
1986,77,856
1986,78,858
1986,79,817
1986,80,790
1986,81,704
1986,82,669
1986,83,618
1986,84,570
1986,85,559
1986,86,494
1986,87,424
1986,88,378
1986,89,303
1986,90,302
1986,91,254
1986,92,200
1986,93,178
1986,94,130
1986,95,106
1986,96,90
1986,97,60
1986,98,42
1986,99,23
1986,100,10
1986,101,13
1986,102,6
1986,103,5
1986,104,1
1986,105,1
1986,106,0
1986,107,0
1986,108,2
1986,109,0
1986,110,1
1987,0,0
1987,1,0
1987,2,0
1987,3,0
1987,4,0
1987,5,0
1987,6,0
1987,7,0
1987,8,0
1987,9,0
1987,10,0
1987,11,0
1987,12,0
1987,13,0
1987,14,0
1987,15,1
1987,16,0
1987,17,1
1987,18,0
1987,19,0
1987,20,0
1987,21,2
1987,22,3
1987,23,4
1987,24,5
1987,25,9
1987,26,13
1987,27,21
1987,28,47
1987,29,42
1987,30,70
1987,31,83
1987,32,103
1987,33,110
1987,34,175
1987,35,167
1987,36,216
1987,37,257
1987,38,292
1987,39,339
1987,40,359
1987,41,302
1987,42,324
1987,43,362
1987,44,443
1987,45,388
1987,46,433
1987,47,494
1987,48,505
1987,49,557
1987,50,539
1987,51,575
1987,52,664
1987,53,631
1987,54,663
1987,55,720
1987,56,792
1987,57,827
1987,58,869
1987,59,891
1987,60,1016
1987,61,1032
1987,62,1138
1987,63,1079
1987,64,1052
1987,65,1117
1987,66,1107
1987,67,1128
1987,68,1023
1987,69,1046
1987,70,1065
1987,71,1086
1987,72,1051
1987,73,1000
1987,74,1044
1987,75,967
1987,76,986
1987,77,889
1987,78,862
1987,79,833
1987,80,790
1987,81,780
1987,82,661
1987,83,642
1987,84,602
1987,85,531
1987,86,473
1987,87,459
1987,88,375
1987,89,352
1987,90,279
1987,91,244
1987,92,220
1987,93,159
1987,94,159
1987,95,110
1987,96,93
1987,97,56
1987,98,53
1987,99,37
1987,100,12
1987,101,13
1987,102,4
1987,103,4
1987,104,3
1987,105,0
1987,106,2
1987,107,0
1987,108,0
1987,109,0
1987,110,0
1988,0,0
1988,1,0
1988,2,0
1988,3,0
1988,4,0
1988,5,0
1988,6,0
1988,7,0
1988,8,0
1988,9,0
1988,10,0
1988,11,0
1988,12,0
1988,13,0
1988,14,0
1988,15,0
1988,16,1
1988,17,1
1988,18,1
1988,19,0
1988,20,0
1988,21,0
1988,22,2
1988,23,3
1988,24,5
1988,25,10
1988,26,23
1988,27,20
1988,28,33
1988,29,40
1988,30,55
1988,31,98
1988,32,117
1988,33,112
1988,34,154
1988,35,182
1988,36,203
1988,37,290
1988,38,249
1988,39,336
1988,40,349
1988,41,374
1988,42,357
1988,43,384
1988,44,417
1988,45,435
1988,46,454
1988,47,532
1988,48,507
1988,49,545
1988,50,582
1988,51,582
1988,52,631
1988,53,688
1988,54,665
1988,55,736
1988,56,772
1988,57,863
1988,58,893
1988,59,912
1988,60,1014
1988,61,1058
1988,62,1046
1988,63,1116
1988,64,1039
1988,65,1089
1988,66,1180
1988,67,1053
1988,68,1112
1988,69,1081
1988,70,1094
1988,71,1093
1988,72,1056
1988,73,1110
1988,74,1029
1988,75,1043
1988,76,985
1988,77,942
1988,78,880
1988,79,818
1988,80,867
1988,81,856
1988,82,767
1988,83,703
1988,84,637
1988,85,611
1988,86,512
1988,87,481
1988,88,384
1988,89,356
1988,90,315
1988,91,254
1988,92,217
1988,93,172
1988,94,147
1988,95,126
1988,96,92
1988,97,78
1988,98,60
1988,99,41
1988,100,19
1988,101,16
1988,102,8
1988,103,6
1988,104,3
1988,105,3
1988,106,3
1988,107,0
1988,108,0
1988,109,2
1988,110,0
1989,0,0
1989,1,0
1989,2,0
1989,3,0
1989,4,0
1989,5,0
1989,6,0
1989,7,0
1989,8,0
1989,9,0
1989,10,0
1989,11,0
1989,12,0
1989,13,0
1989,14,0
1989,15,0
1989,16,0
1989,17,0
1989,18,0
1989,19,0
1989,20,1
1989,21,0
1989,22,1
1989,23,3
1989,24,2
1989,25,12
1989,26,17
1989,27,24
1989,28,34
1989,29,51
1989,30,61
1989,31,82
1989,32,96
1989,33,130
1989,34,151
1989,35,173
1989,36,230
1989,37,245
1989,38,258
1989,39,290
1989,40,374
1989,41,397
1989,42,465
1989,43,422
1989,44,421
1989,45,466
1989,46,517
1989,47,524
1989,48,503
1989,49,561
1989,50,581
1989,51,606
1989,52,646
1989,53,649
1989,54,665
1989,55,673
1989,56,718
1989,57,762
1989,58,916
1989,59,884
1989,60,895
1989,61,950
1989,62,1025
1989,63,1011
1989,64,1131
1989,65,1170
1989,66,1126
1989,67,1111
1989,68,1201
1989,69,1122
1989,70,1086
1989,71,1107
1989,72,1126
1989,73,1089
1989,74,1076
1989,75,1147
1989,76,1069
1989,77,991
1989,78,985
1989,79,915
1989,80,850
1989,81,831
1989,82,781
1989,83,679
1989,84,715
1989,85,574
1989,86,532
1989,87,495
1989,88,439
1989,89,379
1989,90,327
1989,91,302
1989,92,226
1989,93,185
1989,94,162
1989,95,110
1989,96,101
1989,97,80
1989,98,66
1989,99,26
1989,100,25
1989,101,17
1989,102,10
1989,103,6
1989,104,4
1989,105,2
1989,106,0
1989,107,3
1989,108,0
1989,109,0
1989,110,0
1990,0,0
1990,1,0
1990,2,0
1990,3,0
1990,4,0
1990,5,0
1990,6,0
1990,7,0
1990,8,0
1990,9,0
1990,10,0
1990,11,0
1990,12,0
1990,13,0
1990,14,0
1990,15,0
1990,16,0
1990,17,1
1990,18,0
1990,19,0
1990,20,0
1990,21,0
1990,22,3
1990,23,2
1990,24,9
1990,25,11
1990,26,19
1990,27,23
1990,28,27
1990,29,42
1990,30,52
1990,31,80
1990,32,91
1990,33,123
1990,34,162
1990,35,170
1990,36,207
1990,37,226
1990,38,261
1990,39,338
1990,40,360
1990,41,395
1990,42,468
1990,43,490
1990,44,461
1990,45,430
1990,46,514
1990,47,557
1990,48,561
1990,49,556
1990,50,554
1990,51,633
1990,52,634
1990,53,659
1990,54,732
1990,55,745
1990,56,745
1990,57,762
1990,58,787
1990,59,820
1990,60,939
1990,61,915
1990,62,969
1990,63,1031
1990,64,1068
1990,65,1147
1990,66,1142
1990,67,1140
1990,68,1244
1990,69,1174
1990,70,1171
1990,71,1088
1990,72,1094
1990,73,1081
1990,74,1049
1990,75,1115
1990,76,1124
1990,77,1063
1990,78,981
1990,79,895
1990,80,843
1990,81,829
1990,82,849
1990,83,780
1990,84,692
1990,85,663
1990,86,560
1990,87,527
1990,88,455
1990,89,409
1990,90,352
1990,91,261
1990,92,243
1990,93,205
1990,94,172
1990,95,126
1990,96,107
1990,97,71
1990,98,39
1990,99,31
1990,100,30
1990,101,16
1990,102,9
1990,103,3
1990,104,6
1990,105,1
1990,106,1
1990,107,3
1990,108,0
1990,109,1
1990,110,0
1991,0,0
1991,1,0
1991,2,0
1991,3,0
1991,4,0
1991,5,0
1991,6,0
1991,7,0
1991,8,0
1991,9,0
1991,10,0
1991,11,0
1991,12,0
1991,13,0
1991,14,0
1991,15,0
1991,16,1
1991,17,0
1991,18,0
1991,19,0
1991,20,0
1991,21,1
1991,22,1
1991,23,2
1991,24,9
1991,25,9
1991,26,10
1991,27,28
1991,28,34
1991,29,51
1991,30,64
1991,31,80
1991,32,105
1991,33,121
1991,34,148
1991,35,185
1991,36,198
1991,37,246
1991,38,280
1991,39,297
1991,40,358
1991,41,369
1991,42,425
1991,43,440
1991,44,565
1991,45,437
1991,46,493
1991,47,550
1991,48,620
1991,49,597
1991,50,584
1991,51,589
1991,52,612
1991,53,685
1991,54,676
1991,55,749
1991,56,705
1991,57,723
1991,58,802
1991,59,847
1991,60,891
1991,61,964
1991,62,954
1991,63,1083
1991,64,1041
1991,65,1034
1991,66,1153
1991,67,1163
1991,68,1151
1991,69,1172
1991,70,1146
1991,71,1164
1991,72,1079
1991,73,1070
1991,74,1020
1991,75,1091
1991,76,1105
1991,77,1051
1991,78,969
1991,79,946
1991,80,938
1991,81,868
1991,82,827
1991,83,819
1991,84,714
1991,85,634
1991,86,615
1991,87,540
1991,88,460
1991,89,410
1991,90,370
1991,91,278
1991,92,257
1991,93,226
1991,94,193
1991,95,151
1991,96,106
1991,97,80
1991,98,59
1991,99,37
1991,100,32
1991,101,19
1991,102,16
1991,103,9
1991,104,9
1991,105,4
1991,106,2
1991,107,2
1991,108,0
1991,109,2
1991,110,0
1992,0,0
1992,1,0
1992,2,0
1992,3,0
1992,4,0
1992,5,0
1992,6,1
1992,7,0
1992,8,0
1992,9,0
1992,10,0
1992,11,0
1992,12,0
1992,13,1
1992,14,0
1992,15,0
1992,16,0
1992,17,0
1992,18,0
1992,19,0
1992,20,0
1992,21,0
1992,22,1
1992,23,2
1992,24,3
1992,25,13
1992,26,15
1992,27,17
1992,28,28
1992,29,47
1992,30,52
1992,31,68
1992,32,105
1992,33,104
1992,34,160
1992,35,188
1992,36,212
1992,37,253
1992,38,256
1992,39,288
1992,40,315
1992,41,374
1992,42,394
1992,43,483
1992,44,485
1992,45,543
1992,46,515
1992,47,527
1992,48,572
1992,49,638
1992,50,600
1992,51,614
1992,52,647
1992,53,673
1992,54,676
1992,55,690
1992,56,702
1992,57,710
1992,58,697
1992,59,748
1992,60,845
1992,61,855
1992,62,938
1992,63,925
1992,64,1001
1992,65,1034
1992,66,1083
1992,67,1176
1992,68,1172
1992,69,1112
1992,70,1160
1992,71,1175
1992,72,1160
1992,73,1112
1992,74,1118
1992,75,1060
1992,76,951
1992,77,1020
1992,78,1036
1992,79,1004
1992,80,887
1992,81,920
1992,82,843
1992,83,790
1992,84,714
1992,85,693
1992,86,618
1992,87,546
1992,88,447
1992,89,411
1992,90,340
1992,91,291
1992,92,291
1992,93,206
1992,94,177
1992,95,160
1992,96,123
1992,97,87
1992,98,66
1992,99,44
1992,100,36
1992,101,22
1992,102,15
1992,103,9
1992,104,4
1992,105,1
1992,106,2
1992,107,0
1992,108,0
1992,109,0
1992,110,0
1993,0,0
1993,1,0
1993,2,0
1993,3,0
1993,4,0
1993,5,0
1993,6,0
1993,7,0
1993,8,0
1993,9,0
1993,10,0
1993,11,0
1993,12,0
1993,13,0
1993,14,0
1993,15,0
1993,16,0
1993,17,0
1993,18,0
1993,19,0
1993,20,0
1993,21,0
1993,22,2
1993,23,3
1993,24,9
1993,25,12
1993,26,8
1993,27,17
1993,28,27
1993,29,40
1993,30,51
1993,31,67
1993,32,82
1993,33,115
1993,34,127
1993,35,145
1993,36,192
1993,37,235
1993,38,244
1993,39,280
1993,40,354
1993,41,393
1993,42,408
1993,43,421
1993,44,459
1993,45,551
1993,46,588
1993,47,545
1993,48,534
1993,49,598
1993,50,677
1993,51,676
1993,52,627
1993,53,704
1993,54,661
1993,55,674
1993,56,693
1993,57,723
1993,58,723
1993,59,777
1993,60,800
1993,61,834
1993,62,879
1993,63,911
1993,64,933
1993,65,1002
1993,66,1003
1993,67,1116
1993,68,1117
1993,69,1162
1993,70,1108
1993,71,1135
1993,72,1147
1993,73,1099
1993,74,1112
1993,75,1161
1993,76,1097
1993,77,1039
1993,78,1078
1993,79,1021
1993,80,984
1993,81,914
1993,82,857
1993,83,818
1993,84,733
1993,85,727
1993,86,688
1993,87,604
1993,88,563
1993,89,475
1993,90,413
1993,91,291
1993,92,314
1993,93,245
1993,94,176
1993,95,169
1993,96,113
1993,97,82
1993,98,66
1993,99,55
1993,100,31
1993,101,29
1993,102,14
1993,103,13
1993,104,5
1993,105,2
1993,106,4
1993,107,2
1993,108,0
1993,109,0
1993,110,1
1994,0,0
1994,1,0
1994,2,0
1994,3,0
1994,4,0
1994,5,0
1994,6,0
1994,7,0
1994,8,0
1994,9,0
1994,10,0
1994,11,0
1994,12,0
1994,13,0
1994,14,0
1994,15,0
1994,16,0
1994,17,1
1994,18,1
1994,19,0
1994,20,1
1994,21,0
1994,22,0
1994,23,5
1994,24,5
1994,25,8
1994,26,8
1994,27,19
1994,28,25
1994,29,28
1994,30,57
1994,31,74
1994,32,85
1994,33,121
1994,34,127
1994,35,182
1994,36,209
1994,37,251
1994,38,248
1994,39,304
1994,40,301
1994,41,357
1994,42,400
1994,43,480
1994,44,469
1994,45,519
1994,46,608
1994,47,660
1994,48,528
1994,49,606
1994,50,620
1994,51,714
1994,52,725
1994,53,685
1994,54,697
1994,55,632
1994,56,675
1994,57,712
1994,58,733
1994,59,765
1994,60,784
1994,61,779
1994,62,853
1994,63,913
1994,64,863
1994,65,944
1994,66,1039
1994,67,1106
1994,68,1104
1994,69,1091
1994,70,1135
1994,71,1154
1994,72,1171
1994,73,1138
1994,74,1124
1994,75,1070
1994,76,1079
1994,77,1087
1994,78,1054
1994,79,1006
1994,80,1017
1994,81,936
1994,82,907
1994,83,848
1994,84,805
1994,85,772
1994,86,679
1994,87,611
1994,88,514
1994,89,485
1994,90,382
1994,91,340
1994,92,263
1994,93,237
1994,94,180
1994,95,123
1994,96,130
1994,97,94
1994,98,71
1994,99,56
1994,100,32
1994,101,23
1994,102,11
1994,103,5
1994,104,4
1994,105,3
1994,106,4
1994,107,0
1994,108,1
1994,109,2
1994,110,0
1995,0,0
1995,1,0
1995,2,0
1995,3,0
1995,4,0
1995,5,0
1995,6,0
1995,7,0
1995,8,0
1995,9,0
1995,10,0
1995,11,0
1995,12,0
1995,13,0
1995,14,0
1995,15,0
1995,16,1
1995,17,0
1995,18,0
1995,19,0
1995,20,0
1995,21,1
1995,22,1
1995,23,3
1995,24,6
1995,25,10
1995,26,15
1995,27,19
1995,28,22
1995,29,36
1995,30,44
1995,31,68
1995,32,76
1995,33,102
1995,34,158
1995,35,177
1995,36,194
1995,37,249
1995,38,288
1995,39,297
1995,40,321
1995,41,370
1995,42,385
1995,43,453
1995,44,474
1995,45,530
1995,46,557
1995,47,653
1995,48,706
1995,49,609
1995,50,618
1995,51,685
1995,52,776
1995,53,708
1995,54,746
1995,55,706
1995,56,750
1995,57,708
1995,58,713
1995,59,755
1995,60,740
1995,61,758
1995,62,813
1995,63,867
1995,64,940
1995,65,915
1995,66,1017
1995,67,1019
1995,68,1015
1995,69,1103
1995,70,1126
1995,71,1132
1995,72,1154
1995,73,1170
1995,74,1119
1995,75,1114
1995,76,1054
1995,77,1060
1995,78,971
1995,79,1005
1995,80,983
1995,81,961
1995,82,925
1995,83,852
1995,84,754
1995,85,772
1995,86,710
1995,87,673
1995,88,565
1995,89,488
1995,90,421
1995,91,355
1995,92,304
1995,93,239
1995,94,189
1995,95,165
1995,96,117
1995,97,81
1995,98,85
1995,99,55
1995,100,43
1995,101,20
1995,102,13
1995,103,13
1995,104,4
1995,105,1
1995,106,2
1995,107,2
1995,108,1
1995,109,0
1995,110,0
1996,0,0
1996,1,0
1996,2,0
1996,3,0
1996,4,0
1996,5,0
1996,6,0
1996,7,0
1996,8,0
1996,9,0
1996,10,1
1996,11,0
1996,12,0
1996,13,0
1996,14,0
1996,15,0
1996,16,0
1996,17,0
1996,18,0
1996,19,0
1996,20,0
1996,21,1
1996,22,1
1996,23,4
1996,24,12
1996,25,8
1996,26,9
1996,27,19
1996,28,27
1996,29,38
1996,30,53
1996,31,58
1996,32,88
1996,33,104
1996,34,137
1996,35,174
1996,36,174
1996,37,238
1996,38,273
1996,39,245
1996,40,334
1996,41,350
1996,42,384
1996,43,472
1996,44,461
1996,45,501
1996,46,588
1996,47,619
1996,48,653
1996,49,702
1996,50,581
1996,51,628
1996,52,711
1996,53,746
1996,54,695
1996,55,685
1996,56,733
1996,57,722
1996,58,758
1996,59,729
1996,60,757
1996,61,803
1996,62,769
1996,63,813
1996,64,785
1996,65,863
1996,66,911
1996,67,953
1996,68,1022
1996,69,1029
1996,70,1061
1996,71,1132
1996,72,1098
1996,73,1130
1996,74,1062
1996,75,1110
1996,76,1100
1996,77,991
1996,78,1053
1996,79,967
1996,80,951
1996,81,982
1996,82,887
1996,83,826
1996,84,845
1996,85,743
1996,86,700
1996,87,675
1996,88,572
1996,89,527
1996,90,408
1996,91,411
1996,92,338
1996,93,279
1996,94,211
1996,95,178
1996,96,140
1996,97,98
1996,98,79
1996,99,57
1996,100,36
1996,101,25
1996,102,13
1996,103,6
1996,104,11
1996,105,4
1996,106,2
1996,107,1
1996,108,1
1996,109,2
1996,110,0
1997,0,0
1997,1,0
1997,2,0
1997,3,0
1997,4,0
1997,5,0
1997,6,0
1997,7,0
1997,8,0
1997,9,0
1997,10,0
1997,11,0
1997,12,0
1997,13,0
1997,14,0
1997,15,0
1997,16,0
1997,17,0
1997,18,1
1997,19,0
1997,20,2
1997,21,1
1997,22,2
1997,23,2
1997,24,3
1997,25,9
1997,26,19
1997,27,19
1997,28,28
1997,29,33
1997,30,52
1997,31,68
1997,32,86
1997,33,98
1997,34,111
1997,35,164
1997,36,174
1997,37,244
1997,38,233
1997,39,288
1997,40,364
1997,41,355
1997,42,392
1997,43,429
1997,44,455
1997,45,524
1997,46,546
1997,47,554
1997,48,644
1997,49,662
1997,50,763
1997,51,644
1997,52,680
1997,53,722
1997,54,772
1997,55,711
1997,56,732
1997,57,707
1997,58,727
1997,59,732
1997,60,713
1997,61,761
1997,62,759
1997,63,749
1997,64,778
1997,65,832
1997,66,912
1997,67,890
1997,68,903
1997,69,948
1997,70,993
1997,71,1006
1997,72,1022
1997,73,1078
1997,74,1054
1997,75,1064
1997,76,1056
1997,77,1033
1997,78,926
1997,79,921
1997,80,908
1997,81,912
1997,82,908
1997,83,862
1997,84,768
1997,85,788
1997,86,691
1997,87,642
1997,88,580
1997,89,503
1997,90,426
1997,91,398
1997,92,328
1997,93,253
1997,94,222
1997,95,176
1997,96,158
1997,97,96
1997,98,72
1997,99,55
1997,100,36
1997,101,23
1997,102,15
1997,103,8
1997,104,5
1997,105,1
1997,106,1
1997,107,1
1997,108,0
1997,109,0
1997,110,0
1998,0,0
1998,1,0
1998,2,0
1998,3,0
1998,4,0
1998,5,0
1998,6,0
1998,7,0
1998,8,0
1998,9,0
1998,10,0
1998,11,0
1998,12,0
1998,13,0
1998,14,0
1998,15,0
1998,16,0
1998,17,0
1998,18,0
1998,19,2
1998,20,0
1998,21,0
1998,22,0
1998,23,1
1998,24,2
1998,25,5
1998,26,12
1998,27,14
1998,28,31
1998,29,26
1998,30,56
1998,31,61
1998,32,72
1998,33,103
1998,34,131
1998,35,148
1998,36,192
1998,37,201
1998,38,258
1998,39,304
1998,40,314
1998,41,363
1998,42,378
1998,43,438
1998,44,426
1998,45,483
1998,46,483
1998,47,557
1998,48,609
1998,49,636
1998,50,722
1998,51,816
1998,52,699
1998,53,664
1998,54,677
1998,55,742
1998,56,758
1998,57,701
1998,58,726
1998,59,714
1998,60,741
1998,61,737
1998,62,707
1998,63,814
1998,64,748
1998,65,813
1998,66,837
1998,67,872
1998,68,862
1998,69,882
1998,70,987
1998,71,996
1998,72,1024
1998,73,1098
1998,74,1100
1998,75,1072
1998,76,1028
1998,77,1054
1998,78,994
1998,79,936
1998,80,905
1998,81,925
1998,82,854
1998,83,830
1998,84,854
1998,85,723
1998,86,716
1998,87,653
1998,88,582
1998,89,524
1998,90,510
1998,91,383
1998,92,293
1998,93,284
1998,94,229
1998,95,182
1998,96,141
1998,97,114
1998,98,86
1998,99,52
1998,100,41
1998,101,15
1998,102,16
1998,103,13
1998,104,9
1998,105,5
1998,106,4
1998,107,5
1998,108,0
1998,109,0
1998,110,0
1999,0,0
1999,1,0
1999,2,0
1999,3,0
1999,4,1
1999,5,0
1999,6,0
1999,7,0
1999,8,0
1999,9,0
1999,10,1
1999,11,0
1999,12,0
1999,13,0
1999,14,0
1999,15,1
1999,16,0
1999,17,2
1999,18,0
1999,19,0
1999,20,0
1999,21,0
1999,22,1
1999,23,6
1999,24,3
1999,25,6
1999,26,11
1999,27,13
1999,28,27
1999,29,29
1999,30,41
1999,31,66
1999,32,67
1999,33,68
1999,34,109
1999,35,129
1999,36,170
1999,37,207
1999,38,239
1999,39,237
1999,40,270
1999,41,314
1999,42,349
1999,43,383
1999,44,435
1999,45,482
1999,46,496
1999,47,474
1999,48,575
1999,49,584
1999,50,663
1999,51,787
1999,52,761
1999,53,669
1999,54,649
1999,55,712
1999,56,756
1999,57,737
1999,58,725
1999,59,719
1999,60,755
1999,61,736
1999,62,731
1999,63,726
1999,64,739
1999,65,770
1999,66,776
1999,67,846
1999,68,881
1999,69,828
1999,70,910
1999,71,946
1999,72,991
1999,73,999
1999,74,1064
1999,75,1049
1999,76,980
1999,77,1041
1999,78,1004
1999,79,1012
1999,80,891
1999,81,929
1999,82,913
1999,83,882
1999,84,854
1999,85,786
1999,86,764
1999,87,675
1999,88,622
1999,89,548
1999,90,474
1999,91,456
1999,92,387
1999,93,291
1999,94,216
1999,95,188
1999,96,144
1999,97,121
1999,98,98
1999,99,53
1999,100,46
1999,101,30
1999,102,20
1999,103,8
1999,104,9
1999,105,6
1999,106,1
1999,107,2
1999,108,0
1999,109,0
1999,110,0
2000,0,0
2000,1,0
2000,2,0
2000,3,0
2000,4,0
2000,5,0
2000,6,0
2000,7,0
2000,8,0
2000,9,0
2000,10,0
2000,11,0
2000,12,0
2000,13,0
2000,14,0
2000,15,0
2000,16,0
2000,17,0
2000,18,0
2000,19,1
2000,20,0
2000,21,1
2000,22,1
2000,23,5
2000,24,3
2000,25,9
2000,26,9
2000,27,10
2000,28,15
2000,29,38
2000,30,53
2000,31,58
2000,32,87
2000,33,82
2000,34,105
2000,35,142
2000,36,147
2000,37,188
2000,38,245
2000,39,255
2000,40,299
2000,41,333
2000,42,386
2000,43,408
2000,44,429
2000,45,480
2000,46,509
2000,47,506
2000,48,626
2000,49,597
2000,50,679
2000,51,672
2000,52,776
2000,53,770
2000,54,734
2000,55,698
2000,56,716
2000,57,814
2000,58,742
2000,59,782
2000,60,770
2000,61,768
2000,62,703
2000,63,764
2000,64,744
2000,65,805
2000,66,779
2000,67,827
2000,68,822
2000,69,858
2000,70,867
2000,71,917
2000,72,1037
2000,73,1004
2000,74,1002
2000,75,1087
2000,76,991
2000,77,1029
2000,78,1050
2000,79,1035
2000,80,965
2000,81,909
2000,82,927
2000,83,820
2000,84,829
2000,85,781
2000,86,773
2000,87,770
2000,88,659
2000,89,577
2000,90,495
2000,91,427
2000,92,382
2000,93,295
2000,94,268
2000,95,198
2000,96,149
2000,97,147
2000,98,106
2000,99,57
2000,100,41
2000,101,23
2000,102,18
2000,103,10
2000,104,10
2000,105,6
2000,106,2
2000,107,2
2000,108,2
2000,109,0
2000,110,0
2001,0,0
2001,1,0
2001,2,0
2001,3,0
2001,4,0
2001,5,0
2001,6,0
2001,7,0
2001,8,0
2001,9,0
2001,10,0
2001,11,0
2001,12,0
2001,13,0
2001,14,0
2001,15,0
2001,16,0
2001,17,0
2001,18,1
2001,19,0
2001,20,1
2001,21,0
2001,22,1
2001,23,1
2001,24,5
2001,25,9
2001,26,10
2001,27,13
2001,28,18
2001,29,39
2001,30,58
2001,31,55
2001,32,78
2001,33,92
2001,34,92
2001,35,140
2001,36,150
2001,37,190
2001,38,227
2001,39,253
2001,40,329
2001,41,336
2001,42,323
2001,43,433
2001,44,444
2001,45,510
2001,46,520
2001,47,576
2001,48,563
2001,49,614
2001,50,650
2001,51,648
2001,52,750
2001,53,882
2001,54,848
2001,55,682
2001,56,750
2001,57,813
2001,58,814
2001,59,761
2001,60,767
2001,61,724
2001,62,764
2001,63,736
2001,64,763
2001,65,772
2001,66,772
2001,67,778
2001,68,785
2001,69,814
2001,70,882
2001,71,877
2001,72,908
2001,73,1017
2001,74,998
2001,75,974
2001,76,1008
2001,77,1034
2001,78,1031
2001,79,1014
2001,80,966
2001,81,948
2001,82,894
2001,83,843
2001,84,838
2001,85,747
2001,86,708
2001,87,631
2001,88,615
2001,89,601
2001,90,502
2001,91,439
2001,92,347
2001,93,309
2001,94,243
2001,95,205
2001,96,163
2001,97,135
2001,98,74
2001,99,61
2001,100,27
2001,101,23
2001,102,17
2001,103,8
2001,104,6
2001,105,1
2001,106,5
2001,107,1
2001,108,1
2001,109,0
2001,110,0
2002,0,0
2002,1,0
2002,2,0
2002,3,0
2002,4,0
2002,5,0
2002,6,0
2002,7,0
2002,8,0
2002,9,0
2002,10,0
2002,11,0
2002,12,0
2002,13,0
2002,14,0
2002,15,0
2002,16,0
2002,17,0
2002,18,1
2002,19,0
2002,20,1
2002,21,0
2002,22,0
2002,23,4
2002,24,4
2002,25,7
2002,26,8
2002,27,7
2002,28,20
2002,29,20
2002,30,44
2002,31,50
2002,32,83
2002,33,94
2002,34,90
2002,35,143
2002,36,136
2002,37,184
2002,38,188
2002,39,252
2002,40,293
2002,41,322
2002,42,353
2002,43,393
2002,44,455
2002,45,486
2002,46,467
2002,47,546
2002,48,597
2002,49,639
2002,50,668
2002,51,711
2002,52,753
2002,53,767
2002,54,786
2002,55,895
2002,56,781
2002,57,704
2002,58,742
2002,59,776
2002,60,776
2002,61,774
2002,62,800
2002,63,784
2002,64,748
2002,65,754
2002,66,805
2002,67,830
2002,68,772
2002,69,762
2002,70,844
2002,71,927
2002,72,940
2002,73,869
2002,74,924
2002,75,951
2002,76,988
2002,77,981
2002,78,999
2002,79,1003
2002,80,1032
2002,81,976
2002,82,928
2002,83,909
2002,84,871
2002,85,798
2002,86,744
2002,87,738
2002,88,643
2002,89,574
2002,90,470
2002,91,435
2002,92,392
2002,93,317
2002,94,242
2002,95,224
2002,96,149
2002,97,122
2002,98,97
2002,99,63
2002,100,39
2002,101,33
2002,102,13
2002,103,16
2002,104,15
2002,105,4
2002,106,3
2002,107,3
2002,108,0
2002,109,0
2002,110,0
2003,0,0
2003,1,0
2003,2,0
2003,3,0
2003,4,0
2003,5,0
2003,6,0
2003,7,0
2003,8,0
2003,9,0
2003,10,0
2003,11,0
2003,12,0
2003,13,0
2003,14,0
2003,15,0
2003,16,1
2003,17,0
2003,18,0
2003,19,0
2003,20,0
2003,21,1
2003,22,3
2003,23,5
2003,24,6
2003,25,4
2003,26,8
2003,27,7
2003,28,14
2003,29,21
2003,30,32
2003,31,55
2003,32,65
2003,33,96
2003,34,104
2003,35,116
2003,36,145
2003,37,191
2003,38,218
2003,39,246
2003,40,279
2003,41,292
2003,42,400
2003,43,377
2003,44,454
2003,45,475
2003,46,476
2003,47,546
2003,48,576
2003,49,653
2003,50,668
2003,51,657
2003,52,706
2003,53,758
2003,54,815
2003,55,857
2003,56,887
2003,57,797
2003,58,786
2003,59,853
2003,60,866
2003,61,794
2003,62,750
2003,63,762
2003,64,848
2003,65,769
2003,66,770
2003,67,787
2003,68,776
2003,69,747
2003,70,779
2003,71,903
2003,72,867
2003,73,946
2003,74,912
2003,75,930
2003,76,916
2003,77,1038
2003,78,985
2003,79,1002
2003,80,1047
2003,81,930
2003,82,960
2003,83,917
2003,84,816
2003,85,768
2003,86,764
2003,87,726
2003,88,616
2003,89,621
2003,90,527
2003,91,429
2003,92,408
2003,93,299
2003,94,286
2003,95,210
2003,96,152
2003,97,133
2003,98,68
2003,99,63
2003,100,53
2003,101,29
2003,102,15
2003,103,12
2003,104,3
2003,105,5
2003,106,2
2003,107,0
2003,108,0
2003,109,0
2003,110,0
2004,0,0
2004,1,0
2004,2,0
2004,3,0
2004,4,0
2004,5,0
2004,6,0
2004,7,0
2004,8,0
2004,9,0
2004,10,0
2004,11,0
2004,12,0
2004,13,0
2004,14,0
2004,15,0
2004,16,0
2004,17,0
2004,18,0
2004,19,0
2004,20,0
2004,21,1
2004,22,2
2004,23,5
2004,24,2
2004,25,3
2004,26,10
2004,27,15
2004,28,16
2004,29,31
2004,30,37
2004,31,44
2004,32,67
2004,33,82
2004,34,90
2004,35,132
2004,36,138
2004,37,167
2004,38,191
2004,39,196
2004,40,292
2004,41,288
2004,42,325
2004,43,375
2004,44,405
2004,45,446
2004,46,502
2004,47,505
2004,48,542
2004,49,589
2004,50,664
2004,51,658
2004,52,755
2004,53,772
2004,54,776
2004,55,825
2004,56,890
2004,57,966
2004,58,786
2004,59,822
2004,60,838
2004,61,864
2004,62,817
2004,63,782
2004,64,830
2004,65,808
2004,66,809
2004,67,791
2004,68,778
2004,69,837
2004,70,776
2004,71,828
2004,72,845
2004,73,807
2004,74,919
2004,75,899
2004,76,909
2004,77,966
2004,78,1000
2004,79,957
2004,80,958
2004,81,893
2004,82,936
2004,83,889
2004,84,862
2004,85,791
2004,86,729
2004,87,717
2004,88,639
2004,89,566
2004,90,483
2004,91,410
2004,92,358
2004,93,303
2004,94,259
2004,95,184
2004,96,153
2004,97,132
2004,98,91
2004,99,53
2004,100,46
2004,101,35
2004,102,18
2004,103,9
2004,104,5
2004,105,3
2004,106,2
2004,107,3
2004,108,0
2004,109,0
2004,110,0
2005,0,0
2005,1,0
2005,2,0
2005,3,0
2005,4,0
2005,5,0
2005,6,0
2005,7,0
2005,8,0
2005,9,0
2005,10,0
2005,11,0
2005,12,0
2005,13,0
2005,14,0
2005,15,0
2005,16,0
2005,17,0
2005,18,0
2005,19,0
2005,20,0
2005,21,1
2005,22,2
2005,23,2
2005,24,7
2005,25,10
2005,26,6
2005,27,15
2005,28,14
2005,29,29
2005,30,32
2005,31,36
2005,32,53
2005,33,72
2005,34,89
2005,35,109
2005,36,151
2005,37,137
2005,38,187
2005,39,221
2005,40,263
2005,41,305
2005,42,344
2005,43,365
2005,44,414
2005,45,487
2005,46,491
2005,47,514
2005,48,556
2005,49,599
2005,50,655
2005,51,676
2005,52,709
2005,53,767
2005,54,757
2005,55,810
2005,56,861
2005,57,856
2005,58,998
2005,59,792
2005,60,862
2005,61,875
2005,62,949
2005,63,827
2005,64,750
2005,65,790
2005,66,769
2005,67,781
2005,68,756
2005,69,786
2005,70,835
2005,71,744
2005,72,814
2005,73,889
2005,74,852
2005,75,915
2005,76,891
2005,77,874
2005,78,1002
2005,79,974
2005,80,930
2005,81,959
2005,82,946
2005,83,909
2005,84,881
2005,85,885
2005,86,766
2005,87,680
2005,88,650
2005,89,575
2005,90,507
2005,91,421
2005,92,378
2005,93,332
2005,94,232
2005,95,217
2005,96,165
2005,97,145
2005,98,88
2005,99,66
2005,100,42
2005,101,31
2005,102,13
2005,103,7
2005,104,11
2005,105,2
2005,106,3
2005,107,1
2005,108,1
2005,109,0
2005,110,0
2006,0,0
2006,1,0
2006,2,0
2006,3,1
2006,4,0
2006,5,0
2006,6,0
2006,7,0
2006,8,0
2006,9,0
2006,10,0
2006,11,0
2006,12,0
2006,13,0
2006,14,0
2006,15,0
2006,16,0
2006,17,0
2006,18,0
2006,19,1
2006,20,0
2006,21,3
2006,22,2
2006,23,1
2006,24,5
2006,25,10
2006,26,7
2006,27,20
2006,28,18
2006,29,20
2006,30,33
2006,31,44
2006,32,62
2006,33,58
2006,34,96
2006,35,112
2006,36,150
2006,37,147
2006,38,169
2006,39,217
2006,40,209
2006,41,291
2006,42,306
2006,43,374
2006,44,379
2006,45,469
2006,46,470
2006,47,510
2006,48,572
2006,49,606
2006,50,639
2006,51,638
2006,52,717
2006,53,715
2006,54,746
2006,55,812
2006,56,854
2006,57,867
2006,58,927
2006,59,1000
2006,60,843
2006,61,826
2006,62,844
2006,63,948
2006,64,870
2006,65,765
2006,66,769
2006,67,821
2006,68,735
2006,69,813
2006,70,790
2006,71,792
2006,72,759
2006,73,792
2006,74,848
2006,75,912
2006,76,903
2006,77,892
2006,78,938
2006,79,959
2006,80,973
2006,81,957
2006,82,977
2006,83,863
2006,84,863
2006,85,778
2006,86,794
2006,87,643
2006,88,607
2006,89,518
2006,90,538
2006,91,460
2006,92,404
2006,93,312
2006,94,263
2006,95,205
2006,96,180
2006,97,132
2006,98,110
2006,99,74
2006,100,38
2006,101,28
2006,102,21
2006,103,12
2006,104,9
2006,105,4
2006,106,1
2006,107,3
2006,108,1
2006,109,0
2006,110,1
2007,0,0
2007,1,0
2007,2,0
2007,3,0
2007,4,0
2007,5,0
2007,6,0
2007,7,0
2007,8,0
2007,9,0
2007,10,0
2007,11,0
2007,12,0
2007,13,0
2007,14,0
2007,15,0
2007,16,0
2007,17,1
2007,18,0
2007,19,0
2007,20,2
2007,21,0
2007,22,1
2007,23,5
2007,24,6
2007,25,6
2007,26,4
2007,27,17
2007,28,13
2007,29,25
2007,30,39
2007,31,51
2007,32,47
2007,33,50
2007,34,93
2007,35,91
2007,36,138
2007,37,155
2007,38,173
2007,39,182
2007,40,229
2007,41,232
2007,42,272
2007,43,322
2007,44,388
2007,45,384
2007,46,435
2007,47,518
2007,48,585
2007,49,576
2007,50,652
2007,51,674
2007,52,658
2007,53,710
2007,54,773
2007,55,757
2007,56,796
2007,57,915
2007,58,849
2007,59,924
2007,60,1037
2007,61,799
2007,62,875
2007,63,849
2007,64,894
2007,65,914
2007,66,875
2007,67,812
2007,68,816
2007,69,785
2007,70,739
2007,71,777
2007,72,798
2007,73,810
2007,74,775
2007,75,821
2007,76,883
2007,77,907
2007,78,839
2007,79,917
2007,80,957
2007,81,915
2007,82,973
2007,83,920
2007,84,842
2007,85,812
2007,86,773
2007,87,706
2007,88,658
2007,89,591
2007,90,492
2007,91,467
2007,92,408
2007,93,342
2007,94,296
2007,95,234
2007,96,183
2007,97,139
2007,98,90
2007,99,54
2007,100,45
2007,101,30
2007,102,20
2007,103,13
2007,104,10
2007,105,3
2007,106,1
2007,107,2
2007,108,0
2007,109,0
2007,110,0
2008,0,0
2008,1,0
2008,2,0
2008,3,0
2008,4,0
2008,5,0
2008,6,0
2008,7,0
2008,8,0
2008,9,0
2008,10,0
2008,11,0
2008,12,0
2008,13,0
2008,14,0
2008,15,0
2008,16,0
2008,17,0
2008,18,0
2008,19,1
2008,20,1
2008,21,1
2008,22,1
2008,23,4
2008,24,5
2008,25,8
2008,26,7
2008,27,13
2008,28,10
2008,29,29
2008,30,29
2008,31,44
2008,32,53
2008,33,66
2008,34,68
2008,35,88
2008,36,125
2008,37,156
2008,38,165
2008,39,194
2008,40,220
2008,41,232
2008,42,261
2008,43,321
2008,44,387
2008,45,397
2008,46,460
2008,47,522
2008,48,528
2008,49,579
2008,50,627
2008,51,676
2008,52,684
2008,53,716
2008,54,734
2008,55,787
2008,56,816
2008,57,829
2008,58,868
2008,59,867
2008,60,974
2008,61,1038
2008,62,849
2008,63,822
2008,64,877
2008,65,985
2008,66,917
2008,67,796
2008,68,765
2008,69,831
2008,70,808
2008,71,786
2008,72,837
2008,73,839
2008,74,764
2008,75,804
2008,76,726
2008,77,855
2008,78,903
2008,79,899
2008,80,880
2008,81,881
2008,82,918
2008,83,974
2008,84,876
2008,85,843
2008,86,790
2008,87,753
2008,88,709
2008,89,579
2008,90,496
2008,91,466
2008,92,400
2008,93,326
2008,94,302
2008,95,218
2008,96,167
2008,97,119
2008,98,94
2008,99,62
2008,100,42
2008,101,36
2008,102,17
2008,103,12
2008,104,11
2008,105,11
2008,106,2
2008,107,1
2008,108,0
2008,109,0
2008,110,0
2009,0,0
2009,1,0
2009,2,0
2009,3,0
2009,4,0
2009,5,0
2009,6,0
2009,7,0
2009,8,0
2009,9,0
2009,10,0
2009,11,0
2009,12,0
2009,13,0
2009,14,0
2009,15,0
2009,16,0
2009,17,0
2009,18,0
2009,19,1
2009,20,1
2009,21,1
2009,22,1
2009,23,1
2009,24,5
2009,25,6
2009,26,11
2009,27,16
2009,28,20
2009,29,27
2009,30,37
2009,31,38
2009,32,54
2009,33,72
2009,34,71
2009,35,92
2009,36,107
2009,37,149
2009,38,164
2009,39,189
2009,40,220
2009,41,286
2009,42,291
2009,43,307
2009,44,391
2009,45,415
2009,46,427
2009,47,502
2009,48,537
2009,49,574
2009,50,601
2009,51,641
2009,52,744
2009,53,753
2009,54,801
2009,55,757
2009,56,833
2009,57,813
2009,58,817
2009,59,880
2009,60,1003
2009,61,971
2009,62,1022
2009,63,867
2009,64,828
2009,65,914
2009,66,972
2009,67,864
2009,68,847
2009,69,760
2009,70,781
2009,71,803
2009,72,822
2009,73,801
2009,74,791
2009,75,794
2009,76,844
2009,77,792
2009,78,846
2009,79,855
2009,80,866
2009,81,875
2009,82,895
2009,83,860
2009,84,921
2009,85,792
2009,86,813
2009,87,754
2009,88,672
2009,89,570
2009,90,514
2009,91,502
2009,92,385
2009,93,329
2009,94,294
2009,95,215
2009,96,167
2009,97,128
2009,98,104
2009,99,76
2009,100,57
2009,101,36
2009,102,24
2009,103,17
2009,104,11
2009,105,4
2009,106,2
2009,107,1
2009,108,0
2009,109,0
2009,110,0
2010,0,0
2010,1,0
2010,2,0
2010,3,0
2010,4,0
2010,5,0
2010,6,0
2010,7,0
2010,8,0
2010,9,0
2010,10,0
2010,11,0
2010,12,0
2010,13,0
2010,14,0
2010,15,0
2010,16,0
2010,17,0
2010,18,0
2010,19,0
2010,20,2
2010,21,0
2010,22,0
2010,23,1
2010,24,4
2010,25,2
2010,26,7
2010,27,12
2010,28,15
2010,29,27
2010,30,38
2010,31,36
2010,32,52
2010,33,50
2010,34,83
2010,35,71
2010,36,102
2010,37,128
2010,38,141
2010,39,194
2010,40,234
2010,41,244
2010,42,272
2010,43,294
2010,44,354
2010,45,360
2010,46,444
2010,47,451
2010,48,508
2010,49,553
2010,50,650
2010,51,671
2010,52,736
2010,53,741
2010,54,774
2010,55,748
2010,56,882
2010,57,875
2010,58,874
2010,59,860
2010,60,885
2010,61,965
2010,62,1021
2010,63,1040
2010,64,876
2010,65,897
2010,66,962
2010,67,921
2010,68,861
2010,69,890
2010,70,810
2010,71,799
2010,72,822
2010,73,800
2010,74,835
2010,75,801
2010,76,724
2010,77,796
2010,78,848
2010,79,840
2010,80,852
2010,81,850
2010,82,840
2010,83,843
2010,84,886
2010,85,863
2010,86,840
2010,87,820
2010,88,742
2010,89,638
2010,90,546
2010,91,444
2010,92,400
2010,93,344
2010,94,288
2010,95,252
2010,96,188
2010,97,164
2010,98,117
2010,99,86
2010,100,54
2010,101,36
2010,102,24
2010,103,18
2010,104,10
2010,105,3
2010,106,4
2010,107,0
2010,108,1
2010,109,0
2010,110,1
